%%MatrixMarket matrix array real general
% 
% This is a model file of ex_X,
%    generated by l1_logreg_train ver.0.8.2
% Contents of model:
%    entry   1   : intercept
%    entries 2..m: coefficients
% 
97 1
-1.504344593083524e+00
-1.664891694368201e+01
-1.502688141628494e+01
-1.351277545687388e+01
-1.162900465979938e+01
-1.080402318157653e+01
-1.099994707985637e+01
-1.027552222772030e+01
-9.585794617038529e+00
-9.537455142924111e+00
-8.856710431308798e+00
-9.319344358774954e+00
-7.209820743517384e+00
-9.948495466898029e+00
-9.733800383728777e+00
-9.362549464080601e+00
-8.572015869638443e+00
-8.196477157231103e+00
-9.502962281439707e+00
-1.003946741056468e+01
-8.001662361870464e+00
-7.681364456406129e+00
-7.033402368723554e+00
-9.243384796581211e+00
-6.895124834903521e+00
-7.762175661045403e+00
-6.197379507588781e+00
-7.657435075828499e+00
-8.449899200776676e+00
-8.046582596182486e+00
-8.093509558139386e+00
-6.778114058849304e+00
-1.534359877384994e+01
 1.895972179822056e+01
 2.133370890817192e+01
 1.981739676383224e+01
 1.743588944196839e+01
 1.773073400393882e+01
 1.457137788578060e+01
 1.654112814234964e+01
 1.599015972136213e+01
 1.782300516895532e+01
 1.672524299349210e+01
 1.754039566902205e+01
 2.018700825067285e+01
 1.634260616696986e+01
 1.697545099695589e+01
 1.701121105742246e+01
 1.707743787768365e+01
 1.703476132771849e+01
 1.668470785184997e+01
 1.720833026904216e+01
 1.555017378272097e+01
 1.665240729235461e+01
 1.471919931052769e+01
 1.628683713919529e+01
 1.197345318369642e+01
 1.317170333763735e+01
 1.220184980573686e+01
 1.317680328847829e+01
 1.599113097418523e+01
 1.104942879489165e+01
 9.485484135190227e+00
 1.108255287570784e+01
 1.892329300346767e+01
-1.376520515939413e+01
-1.035706595983098e+01
-9.751267185819334e+00
-8.826475960605547e+00
-9.729928830113709e+00
-7.487636302980678e+00
-5.562203372205261e+00
-9.390505813331842e+00
-6.135453725023513e+00
-7.750280856464090e+00
-5.420461499827582e+00
-7.256108386964695e+00
-6.279069664964352e+00
-8.052353306069591e+00
-5.168064549881535e+00
-7.125961002030711e+00
-7.128250560848460e+00
-6.273407610206721e+00
-6.529200274921515e+00
-8.109080545850167e+00
-6.235818953750499e+00
-7.794862620173241e+00
-6.853855162554937e+00
-5.624435100415588e+00
-7.914484733888422e+00
-6.497440112365144e+00
-8.847213388618121e+00
-8.389622479449416e+00
-6.112984453410990e+00
-6.202260087726970e+00
-5.653388404968342e+00
-1.059495859187913e+01
